>CCCAGGCTCA	1-CCCAGGCTCA	9.950610	-24.622585	0	T:15.0(18.07%),B:454.5(1.74%),P:1e-10	Tpos:182.9,Tstd:102.9,Bpos:175.3,Bstd:96.1,StrandBias:-0.4,Multiplicity:1.07
0.087	0.843	0.069	0.001
0.001	0.997	0.001	0.001
0.001	0.997	0.001	0.001
0.997	0.001	0.001	0.001
0.001	0.001	0.898	0.100
0.076	0.046	0.811	0.067
0.001	0.915	0.001	0.083
0.001	0.001	0.072	0.926
0.103	0.895	0.001	0.001
0.764	0.026	0.209	0.001
>CAGAGGAGGG	2-CAGAGGAGGG	9.933771	-23.505959	0	T:22.0(26.51%),B:1274.7(4.89%),P:1e-10	Tpos:192.5,Tstd:80.0,Bpos:184.3,Bstd:101.8,StrandBias:-0.5,Multiplicity:1.09
0.001	0.997	0.001	0.001
0.823	0.057	0.076	0.044
0.001	0.001	0.997	0.001
0.869	0.058	0.072	0.001
0.066	0.001	0.932	0.001
0.001	0.001	0.916	0.082
0.920	0.032	0.001	0.047
0.050	0.001	0.867	0.082
0.001	0.075	0.923	0.001
0.044	0.045	0.910	0.001
>GGGTGAGTTC	3-GGGTGAGTTC	10.637991	-20.134404	0	T:9.0(10.84%),B:148.6(0.57%),P:1e-8	Tpos:170.4,Tstd:92.4,Bpos:185.6,Bstd:100.1,StrandBias:-0.6,Multiplicity:1.11
0.001	0.001	0.997	0.001
0.001	0.165	0.739	0.095
0.001	0.001	0.873	0.125
0.001	0.001	0.101	0.897
0.001	0.001	0.997	0.001
0.997	0.001	0.001	0.001
0.001	0.101	0.897	0.001
0.001	0.113	0.087	0.799
0.107	0.001	0.001	0.891
0.001	0.997	0.001	0.001
>TCGCGAGAGT	4-TCGCGAGAGT	10.632623	-16.303977	0	T:9.0(10.84%),B:235.4(0.90%),P:1e-7	Tpos:194.4,Tstd:84.2,Bpos:226.1,Bstd:96.7,StrandBias:-1.8,Multiplicity:1.00
0.001	0.001	0.001	0.997
0.001	0.645	0.177	0.177
0.001	0.001	0.997	0.001
0.001	0.997	0.001	0.001
0.001	0.161	0.837	0.001
0.997	0.001	0.001	0.001
0.001	0.001	0.997	0.001
0.997	0.001	0.001	0.001
0.001	0.154	0.756	0.089
0.001	0.069	0.092	0.838
>CCCCCCGCCC	5-CCCCCCGCCC	10.532201	-5.116265	0	T:14.0(16.87%),B:2083.9(7.99%),P:1e-2	Tpos:171.6,Tstd:94.3,Bpos:175.9,Bstd:106.6,StrandBias:0.3,Multiplicity:1.43
0.001	0.742	0.001	0.256
0.004	0.994	0.001	0.001
0.001	0.673	0.325	0.001
0.001	0.993	0.005	0.001
0.001	0.699	0.001	0.299
0.106	0.892	0.001	0.001
0.001	0.252	0.746	0.001
0.001	0.997	0.001	0.001
0.001	0.997	0.001	0.001
0.001	0.673	0.325	0.001
>CCCCCGCCTGCC	1-CCCCCGCCTGCC	13.550975	-22.916533	0	T:9.0(10.84%),B:106.5(0.41%),P:1e-9	Tpos:206.6,Tstd:69.5,Bpos:212.8,Bstd:86.7,StrandBias:1.0,Multiplicity:1.00
0.001	0.848	0.001	0.150
0.001	0.890	0.108	0.001
0.001	0.997	0.001	0.001
0.001	0.856	0.142	0.001
0.001	0.997	0.001	0.001
0.001	0.001	0.997	0.001
0.001	0.772	0.001	0.226
0.001	0.997	0.001	0.001
0.001	0.226	0.001	0.772
0.001	0.001	0.997	0.001
0.001	0.997	0.001	0.001
0.001	0.997	0.001	0.001
>CCAGGCTMGTCR	2-CCAGGCTMGTCR	7.701258	-22.767590	0	T:14.0(16.87%),B:432.3(1.66%),P:1e-9	Tpos:194.6,Tstd:92.4,Bpos:192.1,Bstd:106.8,StrandBias:0.4,Multiplicity:1.00
0.150	0.848	0.001	0.001
0.001	0.997	0.001	0.001
0.997	0.001	0.001	0.001
0.008	0.001	0.990	0.001
0.001	0.001	0.997	0.001
0.001	0.997	0.001	0.001
0.001	0.001	0.001	0.997
0.443	0.555	0.001	0.001
0.207	0.151	0.641	0.001
0.001	0.009	0.364	0.626
0.001	0.988	0.010	0.001
0.443	0.156	0.399	0.001
>CCTGAGGTGGAG	3-CCTGAGGTGGAG	14.015905	-20.534134	0	T:5.0(6.02%),B:11.8(0.05%),P:1e-8	Tpos:129.2,Tstd:97.0,Bpos:187.3,Bstd:83.6,StrandBias:-2.0,Multiplicity:1.00
0.001	0.997	0.001	0.001
0.204	0.794	0.001	0.001
0.001	0.001	0.179	0.819
0.001	0.001	0.997	0.001
0.901	0.001	0.097	0.001
0.001	0.001	0.997	0.001
0.179	0.001	0.819	0.001
0.001	0.001	0.001	0.997
0.001	0.001	0.843	0.155
0.001	0.001	0.997	0.001
0.997	0.001	0.001	0.001
0.001	0.001	0.997	0.001
>AAGTCTCCCCCG	4-AAGTCTCCCCCG	14.650302	-20.383081	0	T:4.0(4.82%),B:2.2(0.01%),P:1e-8	Tpos:229.2,Tstd:68.0,Bpos:243.3,Bstd:5.1,StrandBias:0.0,Multiplicity:1.00
0.997	0.001	0.001	0.001
0.741	0.001	0.257	0.001
0.001	0.001	0.997	0.001
0.001	0.001	0.001	0.997
0.001	0.997	0.001	0.001
0.257	0.001	0.001	0.741
0.001	0.997	0.001	0.001
0.001	0.997	0.001	0.001
0.001	0.741	0.257	0.001
0.001	0.997	0.001	0.001
0.001	0.997	0.001	0.001
0.001	0.001	0.997	0.001
>TCACATCCCCTC	5-TCACATCCCCTC	14.223420	-18.752498	0	T:5.0(6.02%),B:17.6(0.07%),P:1e-8	Tpos:134.8,Tstd:38.5,Bpos:198.5,Bstd:105.8,StrandBias:0.6,Multiplicity:1.00
0.001	0.184	0.001	0.814
0.001	0.802	0.196	0.001
0.997	0.001	0.001	0.001
0.001	0.997	0.001	0.001
0.624	0.161	0.214	0.001
0.001	0.001	0.001	0.997
0.001	0.997	0.001	0.001
0.001	0.997	0.001	0.001
0.001	0.997	0.001	0.001
0.001	0.997	0.001	0.001
0.001	0.001	0.001	0.997
0.001	0.997	0.001	0.001
>ATGTGACA	1-ATGTGACA	7.879384	-17.094560	0	T:17.0(20.48%),B:1058.4(4.06%),P:1e-7	Tpos:150.3,Tstd:101.1,Bpos:172.3,Bstd:95.0,StrandBias:0.5,Multiplicity:1.12
0.808	0.015	0.001	0.176
0.001	0.077	0.220	0.702
0.001	0.043	0.955	0.001
0.001	0.001	0.031	0.967
0.051	0.028	0.866	0.055
0.884	0.114	0.001	0.001
0.027	0.971	0.001	0.001
0.944	0.001	0.054	0.001
>CCGAAATT	2-CCGAAATT	8.887276	-12.599279	0	T:7.0(8.43%),B:192.4(0.74%),P:1e-5	Tpos:162.7,Tstd:116.8,Bpos:151.7,Bstd:107.6,StrandBias:-2.6,Multiplicity:1.00
0.148	0.715	0.136	0.001
0.001	0.997	0.001	0.001
0.001	0.001	0.997	0.001
0.827	0.001	0.001	0.171
0.997	0.001	0.001	0.001
0.997	0.001	0.001	0.001
0.001	0.001	0.001	0.997
0.001	0.001	0.001	0.997
>TCGCGAGA	3-TCGCGAGA	5.698225	-10.134572	0	T:16.0(19.28%),B:1593.6(6.11%),P:1e-4	Tpos:199.4,Tstd:99.1,Bpos:190.9,Bstd:105.4,StrandBias:-0.2,Multiplicity:1.12
0.001	0.001	0.001	0.997
0.128	0.591	0.001	0.280
0.001	0.001	0.984	0.014
0.001	0.997	0.001	0.001
0.001	0.231	0.767	0.001
0.997	0.001	0.001	0.001
0.001	0.001	0.726	0.272
0.997	0.001	0.001	0.001
>CGGAGTGG	4-CGGAGTGG	8.023228	-9.904210	0	T:20.0(24.10%),B:2392.1(9.17%),P:1e-4	Tpos:173.4,Tstd:89.0,Bpos:187.0,Bstd:112.6,StrandBias:-0.6,Multiplicity:1.25
0.001	0.997	0.001	0.001
0.001	0.001	0.997	0.001
0.156	0.001	0.842	0.001
0.714	0.284	0.001	0.001
0.204	0.001	0.794	0.001
0.001	0.001	0.118	0.880
0.001	0.001	0.997	0.001
0.001	0.001	0.834	0.164
>ACTATATA	5-ACTATATA	8.242884	-9.883526	0	T:7.0(8.43%),B:296.9(1.14%),P:1e-4	Tpos:148.6,Tstd:99.9,Bpos:154.1,Bstd:93.8,StrandBias:-0.3,Multiplicity:1.14
0.473	0.168	0.091	0.269
0.001	0.907	0.091	0.001
0.001	0.001	0.001	0.997
0.582	0.238	0.001	0.179
0.289	0.006	0.001	0.704
0.997	0.001	0.001	0.001
0.018	0.001	0.001	0.980
0.825	0.001	0.173	0.001
