>CCCAGGCTCA	1-CCCAGGCTCA	9.950610	-24.622585	0	T:15.0(18.07%),B:454.5(1.74%),P:1e-10	Tpos:182.9,Tstd:102.9,Bpos:175.3,Bstd:96.1,StrandBias:-0.4,Multiplicity:1.07
0.087	0.843	0.069	0.001
0.001	0.997	0.001	0.001
0.001	0.997	0.001	0.001
0.997	0.001	0.001	0.001
0.001	0.001	0.898	0.100
0.076	0.046	0.811	0.067
0.001	0.915	0.001	0.083
0.001	0.001	0.072	0.926
0.103	0.895	0.001	0.001
0.764	0.026	0.209	0.001
>CAGAGGAGGG	2-CAGAGGAGGG	9.933771	-23.505959	0	T:22.0(26.51%),B:1274.7(4.89%),P:1e-10	Tpos:192.5,Tstd:80.0,Bpos:184.3,Bstd:101.8,StrandBias:-0.5,Multiplicity:1.09
0.001	0.997	0.001	0.001
0.823	0.057	0.076	0.044
0.001	0.001	0.997	0.001
0.869	0.058	0.072	0.001
0.066	0.001	0.932	0.001
0.001	0.001	0.916	0.082
0.920	0.032	0.001	0.047
0.050	0.001	0.867	0.082
0.001	0.075	0.923	0.001
0.044	0.045	0.910	0.001
>GGGTGAGTTC	3-GGGTGAGTTC	10.637991	-20.134404	0	T:9.0(10.84%),B:148.6(0.57%),P:1e-8	Tpos:170.4,Tstd:92.4,Bpos:185.6,Bstd:100.1,StrandBias:-0.6,Multiplicity:1.11
0.001	0.001	0.997	0.001
0.001	0.165	0.739	0.095
0.001	0.001	0.873	0.125
0.001	0.001	0.101	0.897
0.001	0.001	0.997	0.001
0.997	0.001	0.001	0.001
0.001	0.101	0.897	0.001
0.001	0.113	0.087	0.799
0.107	0.001	0.001	0.891
0.001	0.997	0.001	0.001
>TCGCGAGAGT	4-TCGCGAGAGT	10.632623	-16.303977	0	T:9.0(10.84%),B:235.4(0.90%),P:1e-7	Tpos:194.4,Tstd:84.2,Bpos:226.1,Bstd:96.7,StrandBias:-1.8,Multiplicity:1.00
0.001	0.001	0.001	0.997
0.001	0.645	0.177	0.177
0.001	0.001	0.997	0.001
0.001	0.997	0.001	0.001
0.001	0.161	0.837	0.001
0.997	0.001	0.001	0.001
0.001	0.001	0.997	0.001
0.997	0.001	0.001	0.001
0.001	0.154	0.756	0.089
0.001	0.069	0.092	0.838
>CCCCCCGCCC	5-CCCCCCGCCC	10.532201	-5.116265	0	T:14.0(16.87%),B:2083.9(7.99%),P:1e-2	Tpos:171.6,Tstd:94.3,Bpos:175.9,Bstd:106.6,StrandBias:0.3,Multiplicity:1.43
0.001	0.742	0.001	0.256
0.004	0.994	0.001	0.001
0.001	0.673	0.325	0.001
0.001	0.993	0.005	0.001
0.001	0.699	0.001	0.299
0.106	0.892	0.001	0.001
0.001	0.252	0.746	0.001
0.001	0.997	0.001	0.001
0.001	0.997	0.001	0.001
0.001	0.673	0.325	0.001
