>ATGTGACA	1-ATGTGACA	7.879384	-17.094560	0	T:17.0(20.48%),B:1058.4(4.06%),P:1e-7	Tpos:150.3,Tstd:101.1,Bpos:172.3,Bstd:95.0,StrandBias:0.5,Multiplicity:1.12
0.808	0.015	0.001	0.176
0.001	0.077	0.220	0.702
0.001	0.043	0.955	0.001
0.001	0.001	0.031	0.967
0.051	0.028	0.866	0.055
0.884	0.114	0.001	0.001
0.027	0.971	0.001	0.001
0.944	0.001	0.054	0.001
>CCGAAATT	2-CCGAAATT	8.887276	-12.599279	0	T:7.0(8.43%),B:192.4(0.74%),P:1e-5	Tpos:162.7,Tstd:116.8,Bpos:151.7,Bstd:107.6,StrandBias:-2.6,Multiplicity:1.00
0.148	0.715	0.136	0.001
0.001	0.997	0.001	0.001
0.001	0.001	0.997	0.001
0.827	0.001	0.001	0.171
0.997	0.001	0.001	0.001
0.997	0.001	0.001	0.001
0.001	0.001	0.001	0.997
0.001	0.001	0.001	0.997
>TCGCGAGA	3-TCGCGAGA	5.698225	-10.134572	0	T:16.0(19.28%),B:1593.6(6.11%),P:1e-4	Tpos:199.4,Tstd:99.1,Bpos:190.9,Bstd:105.4,StrandBias:-0.2,Multiplicity:1.12
0.001	0.001	0.001	0.997
0.128	0.591	0.001	0.280
0.001	0.001	0.984	0.014
0.001	0.997	0.001	0.001
0.001	0.231	0.767	0.001
0.997	0.001	0.001	0.001
0.001	0.001	0.726	0.272
0.997	0.001	0.001	0.001
>CGGAGTGG	4-CGGAGTGG	8.023228	-9.904210	0	T:20.0(24.10%),B:2392.1(9.17%),P:1e-4	Tpos:173.4,Tstd:89.0,Bpos:187.0,Bstd:112.6,StrandBias:-0.6,Multiplicity:1.25
0.001	0.997	0.001	0.001
0.001	0.001	0.997	0.001
0.156	0.001	0.842	0.001
0.714	0.284	0.001	0.001
0.204	0.001	0.794	0.001
0.001	0.001	0.118	0.880
0.001	0.001	0.997	0.001
0.001	0.001	0.834	0.164
>ACTATATA	5-ACTATATA	8.242884	-9.883526	0	T:7.0(8.43%),B:296.9(1.14%),P:1e-4	Tpos:148.6,Tstd:99.9,Bpos:154.1,Bstd:93.8,StrandBias:-0.3,Multiplicity:1.14
0.473	0.168	0.091	0.269
0.001	0.907	0.091	0.001
0.001	0.001	0.001	0.997
0.582	0.238	0.001	0.179
0.289	0.006	0.001	0.704
0.997	0.001	0.001	0.001
0.018	0.001	0.001	0.980
0.825	0.001	0.173	0.001
