>TTTTTTTTTTTT	6-TTTTTTTTTTTT,BestGuess:PB0182.1_Srf_2/Jaspar(0.826)	9.873616	-4.371044	0	T:10.0(9.52%),B:1088.7(4.17%),P:1e-1
0.087	0.098	0.035	0.780
0.020	0.084	0.053	0.843
0.001	0.070	0.013	0.916
0.001	0.089	0.012	0.898
0.001	0.142	0.090	0.767
0.038	0.043	0.001	0.918
0.084	0.078	0.046	0.792
0.073	0.128	0.014	0.785
0.076	0.181	0.012	0.731
0.046	0.095	0.015	0.844
0.055	0.044	0.001	0.900
0.075	0.051	0.038	0.836
