>TCWCAYTTAGTT	1-TCWCAYTTAGTT	9.108661	-22.496750	0	T:6.0(5.45%),B:15.2(0.05%),P:1e-9	Tpos:192.8,Tstd:84.0,Bpos:140.4,Bstd:59.0,StrandBias:2.3,Multiplicity:1.00
0.001	0.001	0.001	0.997
0.001	0.997	0.001	0.001
0.458	0.001	0.001	0.540
0.001	0.974	0.024	0.001
0.997	0.001	0.001	0.001
0.001	0.458	0.001	0.540
0.001	0.001	0.001	0.997
0.001	0.081	0.001	0.917
0.997	0.001	0.001	0.001
0.001	0.028	0.970	0.001
0.001	0.001	0.001	0.997
0.001	0.001	0.001	0.997
>CCGGAGTTGTGT	2-CCGGAGTTGTGT	12.379818	-18.451454	0	T:5.0(4.55%),B:15.0(0.05%),P:1e-8	Tpos:119.2,Tstd:87.8,Bpos:146.3,Bstd:106.9,StrandBias:0.6,Multiplicity:1.00
0.001	0.997	0.001	0.001
0.001	0.997	0.001	0.001
0.314	0.001	0.684	0.001
0.001	0.001	0.997	0.001
0.997	0.001	0.001	0.001
0.001	0.001	0.684	0.314
0.314	0.001	0.001	0.684
0.001	0.001	0.001	0.997
0.001	0.001	0.997	0.001
0.001	0.001	0.001	0.997
0.314	0.001	0.684	0.001
0.001	0.314	0.001	0.684
>TTCGCAGCCGCC	3-TTCGCAGCCGCC	11.134072	-16.444658	0	T:10.0(9.09%),B:245.3(0.88%),P:1e-7	Tpos:227.1,Tstd:104.6,Bpos:223.6,Bstd:105.7,StrandBias:-1.4,Multiplicity:1.10
0.001	0.001	0.106	0.892
0.005	0.149	0.001	0.845
0.001	0.703	0.291	0.005
0.001	0.088	0.798	0.113
0.151	0.716	0.132	0.001
0.556	0.135	0.308	0.001
0.001	0.001	0.997	0.001
0.001	0.997	0.001	0.001
0.001	0.764	0.151	0.084
0.001	0.001	0.867	0.131
0.001	0.997	0.001	0.001
0.001	0.886	0.001	0.112
>GCAGAAVVTTCT	4-GCAGAAVVTTCT	10.210026	-9.611542	0	T:4.0(3.64%),B:51.9(0.19%),P:1e-4	Tpos:127.7,Tstd:90.5,Bpos:160.4,Bstd:101.7,StrandBias:-0.4,Multiplicity:1.25
0.001	0.001	0.997	0.001
0.001	0.997	0.001	0.001
0.997	0.001	0.001	0.001
0.025	0.001	0.973	0.001
0.997	0.001	0.001	0.001
0.997	0.001	0.001	0.001
0.335	0.356	0.307	0.001
0.288	0.307	0.404	0.001
0.287	0.001	0.001	0.711
0.001	0.001	0.001	0.997
0.001	0.973	0.001	0.025
0.001	0.335	0.001	0.663
>GAGAGAGAGAGA	5-GAGAGAGAGAGA	13.383707	-5.452263	0	T:4.0(3.64%),B:162.1(0.58%),P:1e-2	Tpos:78.5,Tstd:49.4,Bpos:182.8,Bstd:103.9,StrandBias:1.4,Multiplicity:1.00
0.001	0.001	0.997	0.001
0.899	0.001	0.099	0.001
0.120	0.001	0.878	0.001
0.997	0.001	0.001	0.001
0.117	0.001	0.881	0.001
0.997	0.001	0.001	0.001
0.126	0.001	0.872	0.001
0.997	0.001	0.001	0.001
0.001	0.154	0.844	0.001
0.997	0.001	0.001	0.001
0.077	0.127	0.795	0.001
0.997	0.001	0.001	0.001
