>CCTTGTGGTT	1-CCTTGTGGTT	8.457253	-24.201675	0	T:15.0(13.64%),B:367.5(1.32%),P:1e-10	Tpos:168.0,Tstd:98.8,Bpos:163.2,Bstd:96.4,StrandBias:-1.0,Multiplicity:1.00
0.001	0.975	0.001	0.023
0.001	0.997	0.001	0.001
0.001	0.259	0.001	0.739
0.001	0.319	0.001	0.679
0.001	0.001	0.973	0.025
0.001	0.341	0.001	0.657
0.001	0.001	0.997	0.001
0.291	0.001	0.707	0.001
0.001	0.001	0.021	0.977
0.001	0.001	0.025	0.973
>AACAGAAAGT	2-AACAGAAAGT	10.450693	-20.566090	0	T:12.0(10.91%),B:267.4(0.96%),P:1e-8	Tpos:225.6,Tstd:91.6,Bpos:184.0,Bstd:107.9,StrandBias:-1.0,Multiplicity:1.00
0.997	0.001	0.001	0.001
0.683	0.118	0.198	0.001
0.062	0.936	0.001	0.001
0.912	0.001	0.001	0.086
0.001	0.001	0.997	0.001
0.756	0.118	0.125	0.001
0.997	0.001	0.001	0.001
0.904	0.001	0.001	0.094
0.001	0.001	0.888	0.110
0.001	0.001	0.001	0.997
>TCCCACCAAC	3-TCCCACCAAC	10.572741	-17.749581	0	T:10.0(9.09%),B:212.4(0.76%),P:1e-7	Tpos:132.8,Tstd:46.9,Bpos:185.5,Bstd:102.0,StrandBias:1.2,Multiplicity:1.00
0.153	0.001	0.001	0.845
0.001	0.997	0.001	0.001
0.149	0.849	0.001	0.001
0.001	0.997	0.001	0.001
0.794	0.080	0.001	0.125
0.001	0.997	0.001	0.001
0.001	0.997	0.001	0.001
0.732	0.043	0.126	0.099
0.900	0.001	0.098	0.001
0.001	0.997	0.001	0.001
>TGTGGGCTGT	4-TGTGGGCTGT	10.463814	-15.792092	0	T:11.0(10.00%),B:337.0(1.21%),P:1e-6	Tpos:187.6,Tstd:95.8,Bpos:177.9,Bstd:101.6,StrandBias:-1.2,Multiplicity:1.18
0.001	0.001	0.122	0.876
0.001	0.198	0.800	0.001
0.001	0.001	0.001	0.997
0.001	0.001	0.997	0.001
0.001	0.001	0.997	0.001
0.001	0.124	0.741	0.134
0.001	0.997	0.001	0.001
0.100	0.001	0.001	0.898
0.001	0.001	0.895	0.103
0.001	0.001	0.081	0.917
>GAGCATCGGG	5-GAGCATCGGG	9.841512	-15.031750	0	T:10.0(9.09%),B:287.0(1.03%),P:1e-6	Tpos:160.5,Tstd:77.5,Bpos:183.7,Bstd:104.4,StrandBias:0.3,Multiplicity:1.10
0.001	0.001	0.997	0.001
0.944	0.054	0.001	0.001
0.001	0.001	0.997	0.001
0.001	0.766	0.232	0.001
0.997	0.001	0.001	0.001
0.001	0.001	0.238	0.760
0.001	0.997	0.001	0.001
0.001	0.001	0.961	0.037
0.103	0.001	0.895	0.001
0.001	0.001	0.997	0.001
