>CCTTGTGGTT	1-CCTTGTGGTT	8.457253	-24.201675	0	T:15.0(13.64%),B:367.5(1.32%),P:1e-10	Tpos:168.0,Tstd:98.8,Bpos:163.2,Bstd:96.4,StrandBias:-1.0,Multiplicity:1.00
0.001	0.975	0.001	0.023
0.001	0.997	0.001	0.001
0.001	0.259	0.001	0.739
0.001	0.319	0.001	0.679
0.001	0.001	0.973	0.025
0.001	0.341	0.001	0.657
0.001	0.001	0.997	0.001
0.291	0.001	0.707	0.001
0.001	0.001	0.021	0.977
0.001	0.001	0.025	0.973
>AACAGAAAGT	2-AACAGAAAGT	10.450693	-20.566090	0	T:12.0(10.91%),B:267.4(0.96%),P:1e-8	Tpos:225.6,Tstd:91.6,Bpos:184.0,Bstd:107.9,StrandBias:-1.0,Multiplicity:1.00
0.997	0.001	0.001	0.001
0.683	0.118	0.198	0.001
0.062	0.936	0.001	0.001
0.912	0.001	0.001	0.086
0.001	0.001	0.997	0.001
0.756	0.118	0.125	0.001
0.997	0.001	0.001	0.001
0.904	0.001	0.001	0.094
0.001	0.001	0.888	0.110
0.001	0.001	0.001	0.997
>TCCCACCAAC	3-TCCCACCAAC	10.572741	-17.749581	0	T:10.0(9.09%),B:212.4(0.76%),P:1e-7	Tpos:132.8,Tstd:46.9,Bpos:185.5,Bstd:102.0,StrandBias:1.2,Multiplicity:1.00
0.153	0.001	0.001	0.845
0.001	0.997	0.001	0.001
0.149	0.849	0.001	0.001
0.001	0.997	0.001	0.001
0.794	0.080	0.001	0.125
0.001	0.997	0.001	0.001
0.001	0.997	0.001	0.001
0.732	0.043	0.126	0.099
0.900	0.001	0.098	0.001
0.001	0.997	0.001	0.001
>TGTGGGCTGT	4-TGTGGGCTGT	10.463814	-15.792092	0	T:11.0(10.00%),B:337.0(1.21%),P:1e-6	Tpos:187.6,Tstd:95.8,Bpos:177.9,Bstd:101.6,StrandBias:-1.2,Multiplicity:1.18
0.001	0.001	0.122	0.876
0.001	0.198	0.800	0.001
0.001	0.001	0.001	0.997
0.001	0.001	0.997	0.001
0.001	0.001	0.997	0.001
0.001	0.124	0.741	0.134
0.001	0.997	0.001	0.001
0.100	0.001	0.001	0.898
0.001	0.001	0.895	0.103
0.001	0.001	0.081	0.917
>GAGCATCGGG	5-GAGCATCGGG	9.841512	-15.031750	0	T:10.0(9.09%),B:287.0(1.03%),P:1e-6	Tpos:160.5,Tstd:77.5,Bpos:183.7,Bstd:104.4,StrandBias:0.3,Multiplicity:1.10
0.001	0.001	0.997	0.001
0.944	0.054	0.001	0.001
0.001	0.001	0.997	0.001
0.001	0.766	0.232	0.001
0.997	0.001	0.001	0.001
0.001	0.001	0.238	0.760
0.001	0.997	0.001	0.001
0.001	0.001	0.961	0.037
0.103	0.001	0.895	0.001
0.001	0.001	0.997	0.001
>TCWCAYTTAGTT	1-TCWCAYTTAGTT	9.108661	-22.496750	0	T:6.0(5.45%),B:15.2(0.05%),P:1e-9	Tpos:192.8,Tstd:84.0,Bpos:140.4,Bstd:59.0,StrandBias:2.3,Multiplicity:1.00
0.001	0.001	0.001	0.997
0.001	0.997	0.001	0.001
0.458	0.001	0.001	0.540
0.001	0.974	0.024	0.001
0.997	0.001	0.001	0.001
0.001	0.458	0.001	0.540
0.001	0.001	0.001	0.997
0.001	0.081	0.001	0.917
0.997	0.001	0.001	0.001
0.001	0.028	0.970	0.001
0.001	0.001	0.001	0.997
0.001	0.001	0.001	0.997
>CCGGAGTTGTGT	2-CCGGAGTTGTGT	12.379818	-18.451454	0	T:5.0(4.55%),B:15.0(0.05%),P:1e-8	Tpos:119.2,Tstd:87.8,Bpos:146.3,Bstd:106.9,StrandBias:0.6,Multiplicity:1.00
0.001	0.997	0.001	0.001
0.001	0.997	0.001	0.001
0.314	0.001	0.684	0.001
0.001	0.001	0.997	0.001
0.997	0.001	0.001	0.001
0.001	0.001	0.684	0.314
0.314	0.001	0.001	0.684
0.001	0.001	0.001	0.997
0.001	0.001	0.997	0.001
0.001	0.001	0.001	0.997
0.314	0.001	0.684	0.001
0.001	0.314	0.001	0.684
>TTCGCAGCCGCC	3-TTCGCAGCCGCC	11.134072	-16.444658	0	T:10.0(9.09%),B:245.3(0.88%),P:1e-7	Tpos:227.1,Tstd:104.6,Bpos:223.6,Bstd:105.7,StrandBias:-1.4,Multiplicity:1.10
0.001	0.001	0.106	0.892
0.005	0.149	0.001	0.845
0.001	0.703	0.291	0.005
0.001	0.088	0.798	0.113
0.151	0.716	0.132	0.001
0.556	0.135	0.308	0.001
0.001	0.001	0.997	0.001
0.001	0.997	0.001	0.001
0.001	0.764	0.151	0.084
0.001	0.001	0.867	0.131
0.001	0.997	0.001	0.001
0.001	0.886	0.001	0.112
>GCAGAAVVTTCT	4-GCAGAAVVTTCT	10.210026	-9.611542	0	T:4.0(3.64%),B:51.9(0.19%),P:1e-4	Tpos:127.7,Tstd:90.5,Bpos:160.4,Bstd:101.7,StrandBias:-0.4,Multiplicity:1.25
0.001	0.001	0.997	0.001
0.001	0.997	0.001	0.001
0.997	0.001	0.001	0.001
0.025	0.001	0.973	0.001
0.997	0.001	0.001	0.001
0.997	0.001	0.001	0.001
0.335	0.356	0.307	0.001
0.288	0.307	0.404	0.001
0.287	0.001	0.001	0.711
0.001	0.001	0.001	0.997
0.001	0.973	0.001	0.025
0.001	0.335	0.001	0.663
>GAGAGAGAGAGA	5-GAGAGAGAGAGA	13.383707	-5.452263	0	T:4.0(3.64%),B:162.1(0.58%),P:1e-2	Tpos:78.5,Tstd:49.4,Bpos:182.8,Bstd:103.9,StrandBias:1.4,Multiplicity:1.00
0.001	0.001	0.997	0.001
0.899	0.001	0.099	0.001
0.120	0.001	0.878	0.001
0.997	0.001	0.001	0.001
0.117	0.001	0.881	0.001
0.997	0.001	0.001	0.001
0.126	0.001	0.872	0.001
0.997	0.001	0.001	0.001
0.001	0.154	0.844	0.001
0.997	0.001	0.001	0.001
0.077	0.127	0.795	0.001
0.997	0.001	0.001	0.001
>TGGTGTGA	1-TGGTGTGA	7.073746	-14.838002	0	T:23.0(20.91%),B:1752.0(6.31%),P:1e-6	Tpos:196.9,Tstd:101.8,Bpos:170.5,Bstd:101.5,StrandBias:1.3,Multiplicity:1.04
0.142	0.001	0.001	0.856
0.035	0.001	0.935	0.029
0.001	0.001	0.997	0.001
0.001	0.049	0.044	0.906
0.081	0.001	0.884	0.034
0.133	0.001	0.033	0.833
0.134	0.079	0.786	0.001
0.796	0.028	0.001	0.175
>ACTGAAAC	2-ACTGAAAC	6.298143	-14.275904	0	T:34.0(30.91%),B:3565.9(12.84%),P:1e-6	Tpos:174.0,Tstd:87.4,Bpos:163.4,Bstd:106.9,StrandBias:-0.3,Multiplicity:1.32
0.880	0.015	0.018	0.087
0.001	0.901	0.057	0.041
0.083	0.045	0.028	0.844
0.090	0.001	0.878	0.031
0.895	0.001	0.001	0.103
0.997	0.001	0.001	0.001
0.791	0.001	0.176	0.032
0.001	0.909	0.070	0.020
>CTMTCCGA	3-CTMTCCGA	8.184839	-13.936154	0	T:15.0(13.64%),B:810.7(2.92%),P:1e-6	Tpos:183.7,Tstd:114.5,Bpos:171.6,Bstd:104.2,StrandBias:1.0,Multiplicity:1.00
0.007	0.991	0.001	0.001
0.001	0.001	0.075	0.923
0.390	0.535	0.001	0.074
0.001	0.001	0.001	0.997
0.001	0.809	0.001	0.189
0.001	0.997	0.001	0.001
0.001	0.001	0.597	0.401
0.997	0.001	0.001	0.001
>ATCGCCGG	4-ATCGCCGG	6.354288	-11.925477	0	T:25.0(22.73%),B:2400.1(8.64%),P:1e-5	Tpos:213.7,Tstd:112.8,Bpos:193.0,Bstd:107.9,StrandBias:0.0,Multiplicity:1.12
0.902	0.001	0.096	0.001
0.012	0.051	0.001	0.936
0.163	0.786	0.050	0.001
0.141	0.054	0.804	0.001
0.001	0.631	0.095	0.273
0.045	0.811	0.001	0.143
0.001	0.148	0.740	0.111
0.001	0.055	0.943	0.001
>TCAGCTAG	5-TCAGCTAG	8.295288	-8.829808	0	T:13.0(11.82%),B:978.8(3.52%),P:1e-3	Tpos:171.7,Tstd:106.5,Bpos:175.0,Bstd:100.5,StrandBias:-1.0,Multiplicity:1.08
0.001	0.001	0.205	0.793
0.261	0.737	0.001	0.001
0.964	0.001	0.034	0.001
0.001	0.319	0.472	0.208
0.001	0.997	0.001	0.001
0.001	0.001	0.101	0.897
0.997	0.001	0.001	0.001
0.001	0.001	0.997	0.001
