>TGGTGTGA	1-TGGTGTGA	7.073746	-14.838002	0	T:23.0(20.91%),B:1752.0(6.31%),P:1e-6	Tpos:196.9,Tstd:101.8,Bpos:170.5,Bstd:101.5,StrandBias:1.3,Multiplicity:1.04
0.142	0.001	0.001	0.856
0.035	0.001	0.935	0.029
0.001	0.001	0.997	0.001
0.001	0.049	0.044	0.906
0.081	0.001	0.884	0.034
0.133	0.001	0.033	0.833
0.134	0.079	0.786	0.001
0.796	0.028	0.001	0.175
>ACTGAAAC	2-ACTGAAAC	6.298143	-14.275904	0	T:34.0(30.91%),B:3565.9(12.84%),P:1e-6	Tpos:174.0,Tstd:87.4,Bpos:163.4,Bstd:106.9,StrandBias:-0.3,Multiplicity:1.32
0.880	0.015	0.018	0.087
0.001	0.901	0.057	0.041
0.083	0.045	0.028	0.844
0.090	0.001	0.878	0.031
0.895	0.001	0.001	0.103
0.997	0.001	0.001	0.001
0.791	0.001	0.176	0.032
0.001	0.909	0.070	0.020
>CTMTCCGA	3-CTMTCCGA	8.184839	-13.936154	0	T:15.0(13.64%),B:810.7(2.92%),P:1e-6	Tpos:183.7,Tstd:114.5,Bpos:171.6,Bstd:104.2,StrandBias:1.0,Multiplicity:1.00
0.007	0.991	0.001	0.001
0.001	0.001	0.075	0.923
0.390	0.535	0.001	0.074
0.001	0.001	0.001	0.997
0.001	0.809	0.001	0.189
0.001	0.997	0.001	0.001
0.001	0.001	0.597	0.401
0.997	0.001	0.001	0.001
>ATCGCCGG	4-ATCGCCGG	6.354288	-11.925477	0	T:25.0(22.73%),B:2400.1(8.64%),P:1e-5	Tpos:213.7,Tstd:112.8,Bpos:193.0,Bstd:107.9,StrandBias:0.0,Multiplicity:1.12
0.902	0.001	0.096	0.001
0.012	0.051	0.001	0.936
0.163	0.786	0.050	0.001
0.141	0.054	0.804	0.001
0.001	0.631	0.095	0.273
0.045	0.811	0.001	0.143
0.001	0.148	0.740	0.111
0.001	0.055	0.943	0.001
>TCAGCTAG	5-TCAGCTAG	8.295288	-8.829808	0	T:13.0(11.82%),B:978.8(3.52%),P:1e-3	Tpos:171.7,Tstd:106.5,Bpos:175.0,Bstd:100.5,StrandBias:-1.0,Multiplicity:1.08
0.001	0.001	0.205	0.793
0.261	0.737	0.001	0.001
0.964	0.001	0.034	0.001
0.001	0.319	0.472	0.208
0.001	0.997	0.001	0.001
0.001	0.001	0.101	0.897
0.997	0.001	0.001	0.001
0.001	0.001	0.997	0.001
