>TGGGTCACCA	1-TGGGTCACCA	10.173201	-20.100420	0	T:11.0(10.48%),B:215.5(0.82%),P:1e-8	Tpos:177.0,Tstd:81.5,Bpos:173.9,Bstd:106.8,StrandBias:-0.8,Multiplicity:1.00
0.001	0.001	0.001	0.997
0.157	0.001	0.841	0.001
0.001	0.093	0.798	0.108
0.001	0.117	0.753	0.129
0.133	0.082	0.001	0.784
0.001	0.997	0.001	0.001
0.934	0.064	0.001	0.001
0.001	0.997	0.001	0.001
0.001	0.997	0.001	0.001
0.997	0.001	0.001	0.001
>TATAAGGAGC	2-TATAAGGAGC	10.579476	-18.677345	0	T:7.0(6.67%),B:58.3(0.22%),P:1e-8	Tpos:159.4,Tstd:96.6,Bpos:160.8,Bstd:94.5,StrandBias:2.6,Multiplicity:1.00
0.001	0.200	0.001	0.798
0.997	0.001	0.001	0.001
0.001	0.001	0.001	0.997
0.598	0.400	0.001	0.001
0.997	0.001	0.001	0.001
0.001	0.001	0.997	0.001
0.001	0.204	0.548	0.247
0.997	0.001	0.001	0.001
0.001	0.001	0.997	0.001
0.153	0.500	0.146	0.201
>TGTGGCCTCG	3-TGTGGCCTCG	9.226448	-17.171818	0	T:15.0(14.29%),B:618.2(2.37%),P:1e-7	Tpos:178.4,Tstd:80.2,Bpos:182.7,Bstd:101.2,StrandBias:-1.1,Multiplicity:1.07
0.001	0.084	0.001	0.914
0.001	0.131	0.867	0.001
0.001	0.001	0.001	0.997
0.001	0.001	0.997	0.001
0.001	0.001	0.831	0.167
0.001	0.997	0.001	0.001
0.001	0.997	0.001	0.001
0.001	0.083	0.001	0.915
0.001	0.925	0.073	0.001
0.001	0.101	0.675	0.223
>CGAGCGAGCC	4-CGAGCGAGCC	9.864363	-17.089339	0	T:15.0(14.29%),B:622.6(2.38%),P:1e-7	Tpos:226.4,Tstd:89.6,Bpos:202.9,Bstd:121.1,StrandBias:-0.2,Multiplicity:1.13
0.001	0.896	0.001	0.102
0.001	0.093	0.905	0.001
0.795	0.137	0.067	0.001
0.001	0.001	0.997	0.001
0.001	0.846	0.001	0.152
0.001	0.186	0.812	0.001
0.997	0.001	0.001	0.001
0.001	0.001	0.997	0.001
0.001	0.997	0.001	0.001
0.001	0.815	0.183	0.001
>TGCCAATTGG	5-TGCCAATTGG	10.594644	-10.904735	0	T:6.0(5.71%),B:130.0(0.50%),P:1e-4	Tpos:206.3,Tstd:79.6,Bpos:186.8,Bstd:88.9,StrandBias:0.6,Multiplicity:1.00
0.185	0.001	0.107	0.707
0.001	0.114	0.884	0.001
0.001	0.997	0.001	0.001
0.001	0.997	0.001	0.001
0.829	0.084	0.001	0.086
0.861	0.001	0.001	0.137
0.143	0.001	0.001	0.855
0.001	0.001	0.001	0.997
0.001	0.001	0.997	0.001
0.001	0.001	0.997	0.001
>AAAAAAAAAA	6-AAAAAAAAAA	9.134972	-4.067976	0	T:13.0(12.38%),B:1673.4(6.41%),P:1e-1	Tpos:128.5,Tstd:45.9,Bpos:137.0,Bstd:88.8,StrandBias:0.9,Multiplicity:1.08
0.997	0.001	0.001	0.001
0.873	0.001	0.125	0.001
0.864	0.001	0.134	0.001
0.828	0.001	0.170	0.001
0.968	0.001	0.030	0.001
0.860	0.001	0.138	0.001
0.831	0.001	0.167	0.001
0.997	0.001	0.001	0.001
0.830	0.001	0.168	0.001
0.997	0.001	0.001	0.001
>GACATCTCCAGG	1-GACATCTCCAGG	14.250039	-21.047644	0	T:5.0(4.76%),B:7.9(0.03%),P:1e-9	Tpos:149.4,Tstd:116.8,Bpos:103.0,Bstd:87.9,StrandBias:2.0,Multiplicity:1.00
0.001	0.001	0.997	0.001
0.621	0.197	0.181	0.001
0.001	0.997	0.001	0.001
0.997	0.001	0.001	0.001
0.001	0.197	0.001	0.801
0.001	0.997	0.001	0.001
0.225	0.001	0.001	0.773
0.001	0.997	0.001	0.001
0.001	0.997	0.001	0.001
0.997	0.001	0.001	0.001
0.001	0.001	0.997	0.001
0.001	0.001	0.997	0.001
>GGACGGCCGGCC	2-GGACGGCCGGCC	11.192259	-19.735586	0	T:11.0(10.48%),B:223.8(0.86%),P:1e-8	Tpos:236.9,Tstd:70.1,Bpos:201.8,Bstd:102.4,StrandBias:1.4,Multiplicity:1.00
0.001	0.001	0.997	0.001
0.001	0.172	0.826	0.001
0.802	0.068	0.004	0.126
0.119	0.670	0.210	0.001
0.001	0.113	0.885	0.001
0.119	0.075	0.805	0.001
0.001	0.831	0.167	0.001
0.168	0.712	0.001	0.119
0.001	0.326	0.505	0.168
0.001	0.001	0.997	0.001
0.001	0.997	0.001	0.001
0.001	0.997	0.001	0.001
>GTGCCAATTGGC	3-GTGCCAATTGGC	14.398732	-18.594415	0	T:4.0(3.81%),B:3.1(0.01%),P:1e-8	Tpos:204.5,Tstd:88.6,Bpos:240.1,Bstd:62.9,StrandBias:0.0,Multiplicity:1.00
0.001	0.001	0.997	0.001
0.166	0.001	0.194	0.639
0.001	0.221	0.777	0.001
0.001	0.997	0.001	0.001
0.001	0.997	0.001	0.001
0.997	0.001	0.001	0.001
0.997	0.001	0.001	0.001
0.221	0.001	0.001	0.777
0.001	0.001	0.001	0.997
0.001	0.001	0.997	0.001
0.001	0.001	0.997	0.001
0.001	0.997	0.001	0.001
>TCGGAGGTGGGA	4-TCGGAGGTGGGA	9.597742	-17.716729	0	T:10.0(9.52%),B:210.7(0.81%),P:1e-7	Tpos:167.0,Tstd:102.2,Bpos:171.7,Bstd:108.4,StrandBias:0.6,Multiplicity:1.00
0.001	0.001	0.010	0.988
0.001	0.777	0.001	0.221
0.001	0.001	0.997	0.001
0.205	0.001	0.793	0.001
0.997	0.001	0.001	0.001
0.001	0.274	0.724	0.001
0.001	0.195	0.530	0.274
0.001	0.009	0.001	0.989
0.001	0.274	0.724	0.001
0.001	0.001	0.804	0.194
0.001	0.001	0.997	0.001
0.724	0.274	0.001	0.001
>CAATCAGCGTCG	5-CAATCAGCGTCG	14.721927	-17.575393	0	T:5.0(4.76%),B:17.1(0.07%),P:1e-7	Tpos:240.4,Tstd:64.6,Bpos:230.1,Bstd:80.7,StrandBias:-0.6,Multiplicity:1.00
0.001	0.997	0.001	0.001
0.997	0.001	0.001	0.001
0.997	0.001	0.001	0.001
0.001	0.001	0.001	0.997
0.001	0.997	0.001	0.001
0.688	0.001	0.310	0.001
0.001	0.001	0.997	0.001
0.001	0.997	0.001	0.001
0.001	0.001	0.997	0.001
0.272	0.221	0.001	0.506
0.001	0.997	0.001	0.001
0.001	0.001	0.997	0.001
>TTTTTTTTTTTT	6-TTTTTTTTTTTT	9.873616	-4.371044	0	T:10.0(9.52%),B:1088.7(4.17%),P:1e-1	Tpos:123.0,Tstd:46.5,Bpos:139.6,Bstd:87.4,StrandBias:-0.6,Multiplicity:1.00
0.087	0.098	0.035	0.780
0.020	0.084	0.053	0.843
0.001	0.070	0.013	0.916
0.001	0.089	0.012	0.898
0.001	0.142	0.090	0.767
0.038	0.043	0.001	0.918
0.084	0.078	0.046	0.792
0.073	0.128	0.014	0.785
0.076	0.181	0.012	0.731
0.046	0.095	0.015	0.844
0.055	0.044	0.001	0.900
0.075	0.051	0.038	0.836
>CGCCCTAT	1-CGCCCTAT	8.060380	-12.895153	0	T:14.0(13.33%),B:758.4(2.90%),P:1e-5	Tpos:194.4,Tstd:74.7,Bpos:184.0,Bstd:104.4,StrandBias:-1.0,Multiplicity:1.07
0.001	0.658	0.250	0.091
0.222	0.001	0.719	0.058
0.001	0.905	0.030	0.064
0.180	0.818	0.001	0.001
0.288	0.710	0.001	0.001
0.001	0.001	0.095	0.903
0.997	0.001	0.001	0.001
0.001	0.299	0.001	0.699
>TCACCAAT	2-TCACCAAT	7.668360	-10.862302	0	T:11.0(10.48%),B:563.0(2.15%),P:1e-4	Tpos:159.4,Tstd:74.7,Bpos:172.4,Bstd:84.4,StrandBias:0.3,Multiplicity:1.00
0.001	0.001	0.001	0.997
0.090	0.828	0.081	0.001
0.878	0.032	0.058	0.032
0.001	0.956	0.042	0.001
0.286	0.649	0.001	0.064
0.827	0.035	0.078	0.060
0.944	0.025	0.030	0.001
0.029	0.027	0.001	0.943
>GTGGCCTC	3-GTGGCCTC	10.624140	-9.000302	0	T:11.0(10.48%),B:694.5(2.66%),P:1e-3	Tpos:146.5,Tstd:96.5,Bpos:177.2,Bstd:111.2,StrandBias:-2.2,Multiplicity:1.00
0.001	0.162	0.836	0.001
0.001	0.001	0.001	0.997
0.001	0.001	0.997	0.001
0.001	0.001	0.997	0.001
0.001	0.997	0.001	0.001
0.001	0.997	0.001	0.001
0.001	0.143	0.001	0.855
0.001	0.891	0.001	0.107
>TGGACCAC	4-TGGACCAC	6.216431	-8.850738	0	T:34.0(32.38%),B:4540.7(17.38%),P:1e-3	Tpos:145.0,Tstd:91.2,Bpos:165.1,Bstd:106.2,StrandBias:-0.1,Multiplicity:1.18
0.127	0.060	0.118	0.695
0.030	0.057	0.870	0.043
0.009	0.121	0.869	0.001
0.526	0.083	0.235	0.156
0.069	0.792	0.037	0.102
0.001	0.837	0.032	0.130
0.730	0.002	0.081	0.187
0.074	0.700	0.117	0.109
>GTCGATTG	5-GTCGATTG	7.140168	-4.247616	0	T:7.0(6.67%),B:631.9(2.42%),P:1e-1	Tpos:186.1,Tstd:84.7,Bpos:176.1,Bstd:95.1,StrandBias:0.2,Multiplicity:1.29
0.155	0.022	0.711	0.112
0.001	0.085	0.001	0.913
0.001	0.997	0.001	0.001
0.331	0.001	0.644	0.024
0.974	0.001	0.001	0.024
0.001	0.001	0.001	0.997
0.001	0.001	0.001	0.997
0.001	0.001	0.997	0.001
