>GACATCTCCAGG	1-GACATCTCCAGG	14.250039	-21.047644	0	T:5.0(4.76%),B:7.9(0.03%),P:1e-9	Tpos:149.4,Tstd:116.8,Bpos:103.0,Bstd:87.9,StrandBias:2.0,Multiplicity:1.00
0.001	0.001	0.997	0.001
0.621	0.197	0.181	0.001
0.001	0.997	0.001	0.001
0.997	0.001	0.001	0.001
0.001	0.197	0.001	0.801
0.001	0.997	0.001	0.001
0.225	0.001	0.001	0.773
0.001	0.997	0.001	0.001
0.001	0.997	0.001	0.001
0.997	0.001	0.001	0.001
0.001	0.001	0.997	0.001
0.001	0.001	0.997	0.001
>GGACGGCCGGCC	2-GGACGGCCGGCC	11.192259	-19.735586	0	T:11.0(10.48%),B:223.8(0.86%),P:1e-8	Tpos:236.9,Tstd:70.1,Bpos:201.8,Bstd:102.4,StrandBias:1.4,Multiplicity:1.00
0.001	0.001	0.997	0.001
0.001	0.172	0.826	0.001
0.802	0.068	0.004	0.126
0.119	0.670	0.210	0.001
0.001	0.113	0.885	0.001
0.119	0.075	0.805	0.001
0.001	0.831	0.167	0.001
0.168	0.712	0.001	0.119
0.001	0.326	0.505	0.168
0.001	0.001	0.997	0.001
0.001	0.997	0.001	0.001
0.001	0.997	0.001	0.001
>GTGCCAATTGGC	3-GTGCCAATTGGC	14.398732	-18.594415	0	T:4.0(3.81%),B:3.1(0.01%),P:1e-8	Tpos:204.5,Tstd:88.6,Bpos:240.1,Bstd:62.9,StrandBias:0.0,Multiplicity:1.00
0.001	0.001	0.997	0.001
0.166	0.001	0.194	0.639
0.001	0.221	0.777	0.001
0.001	0.997	0.001	0.001
0.001	0.997	0.001	0.001
0.997	0.001	0.001	0.001
0.997	0.001	0.001	0.001
0.221	0.001	0.001	0.777
0.001	0.001	0.001	0.997
0.001	0.001	0.997	0.001
0.001	0.001	0.997	0.001
0.001	0.997	0.001	0.001
>TCGGAGGTGGGA	4-TCGGAGGTGGGA	9.597742	-17.716729	0	T:10.0(9.52%),B:210.7(0.81%),P:1e-7	Tpos:167.0,Tstd:102.2,Bpos:171.7,Bstd:108.4,StrandBias:0.6,Multiplicity:1.00
0.001	0.001	0.010	0.988
0.001	0.777	0.001	0.221
0.001	0.001	0.997	0.001
0.205	0.001	0.793	0.001
0.997	0.001	0.001	0.001
0.001	0.274	0.724	0.001
0.001	0.195	0.530	0.274
0.001	0.009	0.001	0.989
0.001	0.274	0.724	0.001
0.001	0.001	0.804	0.194
0.001	0.001	0.997	0.001
0.724	0.274	0.001	0.001
>CAATCAGCGTCG	5-CAATCAGCGTCG	14.721927	-17.575393	0	T:5.0(4.76%),B:17.1(0.07%),P:1e-7	Tpos:240.4,Tstd:64.6,Bpos:230.1,Bstd:80.7,StrandBias:-0.6,Multiplicity:1.00
0.001	0.997	0.001	0.001
0.997	0.001	0.001	0.001
0.997	0.001	0.001	0.001
0.001	0.001	0.001	0.997
0.001	0.997	0.001	0.001
0.688	0.001	0.310	0.001
0.001	0.001	0.997	0.001
0.001	0.997	0.001	0.001
0.001	0.001	0.997	0.001
0.272	0.221	0.001	0.506
0.001	0.997	0.001	0.001
0.001	0.001	0.997	0.001
>TTTTTTTTTTTT	6-TTTTTTTTTTTT	9.873616	-4.371044	0	T:10.0(9.52%),B:1088.7(4.17%),P:1e-1	Tpos:123.0,Tstd:46.5,Bpos:139.6,Bstd:87.4,StrandBias:-0.6,Multiplicity:1.00
0.087	0.098	0.035	0.780
0.020	0.084	0.053	0.843
0.001	0.070	0.013	0.916
0.001	0.089	0.012	0.898
0.001	0.142	0.090	0.767
0.038	0.043	0.001	0.918
0.084	0.078	0.046	0.792
0.073	0.128	0.014	0.785
0.076	0.181	0.012	0.731
0.046	0.095	0.015	0.844
0.055	0.044	0.001	0.900
0.075	0.051	0.038	0.836
