>CGCCCTAT	1-CGCCCTAT	8.060380	-12.895153	0	T:14.0(13.33%),B:758.4(2.90%),P:1e-5	Tpos:194.4,Tstd:74.7,Bpos:184.0,Bstd:104.4,StrandBias:-1.0,Multiplicity:1.07
0.001	0.658	0.250	0.091
0.222	0.001	0.719	0.058
0.001	0.905	0.030	0.064
0.180	0.818	0.001	0.001
0.288	0.710	0.001	0.001
0.001	0.001	0.095	0.903
0.997	0.001	0.001	0.001
0.001	0.299	0.001	0.699
>TCACCAAT	2-TCACCAAT	7.668360	-10.862302	0	T:11.0(10.48%),B:563.0(2.15%),P:1e-4	Tpos:159.4,Tstd:74.7,Bpos:172.4,Bstd:84.4,StrandBias:0.3,Multiplicity:1.00
0.001	0.001	0.001	0.997
0.090	0.828	0.081	0.001
0.878	0.032	0.058	0.032
0.001	0.956	0.042	0.001
0.286	0.649	0.001	0.064
0.827	0.035	0.078	0.060
0.944	0.025	0.030	0.001
0.029	0.027	0.001	0.943
>GTGGCCTC	3-GTGGCCTC	10.624140	-9.000302	0	T:11.0(10.48%),B:694.5(2.66%),P:1e-3	Tpos:146.5,Tstd:96.5,Bpos:177.2,Bstd:111.2,StrandBias:-2.2,Multiplicity:1.00
0.001	0.162	0.836	0.001
0.001	0.001	0.001	0.997
0.001	0.001	0.997	0.001
0.001	0.001	0.997	0.001
0.001	0.997	0.001	0.001
0.001	0.997	0.001	0.001
0.001	0.143	0.001	0.855
0.001	0.891	0.001	0.107
>TGGACCAC	4-TGGACCAC	6.216431	-8.850738	0	T:34.0(32.38%),B:4540.7(17.38%),P:1e-3	Tpos:145.0,Tstd:91.2,Bpos:165.1,Bstd:106.2,StrandBias:-0.1,Multiplicity:1.18
0.127	0.060	0.118	0.695
0.030	0.057	0.870	0.043
0.009	0.121	0.869	0.001
0.526	0.083	0.235	0.156
0.069	0.792	0.037	0.102
0.001	0.837	0.032	0.130
0.730	0.002	0.081	0.187
0.074	0.700	0.117	0.109
>GTCGATTG	5-GTCGATTG	7.140168	-4.247616	0	T:7.0(6.67%),B:631.9(2.42%),P:1e-1	Tpos:186.1,Tstd:84.7,Bpos:176.1,Bstd:95.1,StrandBias:0.2,Multiplicity:1.29
0.155	0.022	0.711	0.112
0.001	0.085	0.001	0.913
0.001	0.997	0.001	0.001
0.331	0.001	0.644	0.024
0.974	0.001	0.001	0.024
0.001	0.001	0.001	0.997
0.001	0.001	0.001	0.997
0.001	0.001	0.997	0.001
