>TGGGTCACCA	1-TGGGTCACCA	10.173201	-20.100420	0	T:11.0(10.48%),B:215.5(0.82%),P:1e-8	Tpos:177.0,Tstd:81.5,Bpos:173.9,Bstd:106.8,StrandBias:-0.8,Multiplicity:1.00
0.001	0.001	0.001	0.997
0.157	0.001	0.841	0.001
0.001	0.093	0.798	0.108
0.001	0.117	0.753	0.129
0.133	0.082	0.001	0.784
0.001	0.997	0.001	0.001
0.934	0.064	0.001	0.001
0.001	0.997	0.001	0.001
0.001	0.997	0.001	0.001
0.997	0.001	0.001	0.001
>TATAAGGAGC	2-TATAAGGAGC	10.579476	-18.677345	0	T:7.0(6.67%),B:58.3(0.22%),P:1e-8	Tpos:159.4,Tstd:96.6,Bpos:160.8,Bstd:94.5,StrandBias:2.6,Multiplicity:1.00
0.001	0.200	0.001	0.798
0.997	0.001	0.001	0.001
0.001	0.001	0.001	0.997
0.598	0.400	0.001	0.001
0.997	0.001	0.001	0.001
0.001	0.001	0.997	0.001
0.001	0.204	0.548	0.247
0.997	0.001	0.001	0.001
0.001	0.001	0.997	0.001
0.153	0.500	0.146	0.201
>TGTGGCCTCG	3-TGTGGCCTCG	9.226448	-17.171818	0	T:15.0(14.29%),B:618.2(2.37%),P:1e-7	Tpos:178.4,Tstd:80.2,Bpos:182.7,Bstd:101.2,StrandBias:-1.1,Multiplicity:1.07
0.001	0.084	0.001	0.914
0.001	0.131	0.867	0.001
0.001	0.001	0.001	0.997
0.001	0.001	0.997	0.001
0.001	0.001	0.831	0.167
0.001	0.997	0.001	0.001
0.001	0.997	0.001	0.001
0.001	0.083	0.001	0.915
0.001	0.925	0.073	0.001
0.001	0.101	0.675	0.223
>CGAGCGAGCC	4-CGAGCGAGCC	9.864363	-17.089339	0	T:15.0(14.29%),B:622.6(2.38%),P:1e-7	Tpos:226.4,Tstd:89.6,Bpos:202.9,Bstd:121.1,StrandBias:-0.2,Multiplicity:1.13
0.001	0.896	0.001	0.102
0.001	0.093	0.905	0.001
0.795	0.137	0.067	0.001
0.001	0.001	0.997	0.001
0.001	0.846	0.001	0.152
0.001	0.186	0.812	0.001
0.997	0.001	0.001	0.001
0.001	0.001	0.997	0.001
0.001	0.997	0.001	0.001
0.001	0.815	0.183	0.001
>TGCCAATTGG	5-TGCCAATTGG	10.594644	-10.904735	0	T:6.0(5.71%),B:130.0(0.50%),P:1e-4	Tpos:206.3,Tstd:79.6,Bpos:186.8,Bstd:88.9,StrandBias:0.6,Multiplicity:1.00
0.185	0.001	0.107	0.707
0.001	0.114	0.884	0.001
0.001	0.997	0.001	0.001
0.001	0.997	0.001	0.001
0.829	0.084	0.001	0.086
0.861	0.001	0.001	0.137
0.143	0.001	0.001	0.855
0.001	0.001	0.001	0.997
0.001	0.001	0.997	0.001
0.001	0.001	0.997	0.001
>AAAAAAAAAA	6-AAAAAAAAAA	9.134972	-4.067976	0	T:13.0(12.38%),B:1673.4(6.41%),P:1e-1	Tpos:128.5,Tstd:45.9,Bpos:137.0,Bstd:88.8,StrandBias:0.9,Multiplicity:1.08
0.997	0.001	0.001	0.001
0.873	0.001	0.125	0.001
0.864	0.001	0.134	0.001
0.828	0.001	0.170	0.001
0.968	0.001	0.030	0.001
0.860	0.001	0.138	0.001
0.831	0.001	0.167	0.001
0.997	0.001	0.001	0.001
0.830	0.001	0.168	0.001
0.997	0.001	0.001	0.001
